              precision    recall  f1-score   support

           1       0.82      0.91      0.86,       559
           2       0.20      0.05      0.08,        20
           3       0.82      0.67      0.74,       159
           4       1.00      0.40      0.57,        10
           5       0.00      0.00      0.00,         6
           6       0.33      0.22      0.27,         9
           7       0.00      0.00      0.00,         4
           8       0.00      0.00      0.00,         3
           9       0.59      0.26      0.36,        50
          10       0.12      0.14      0.13,         7
          11       1.00      1.00      1.00,       245
          12       0.67      0.19      0.30,        21
          13       0.61      0.69      0.65,       175
          14       0.00      0.00      0.00,         5
          15       1.00      0.91      0.95,       236
          16       0.00      0.00      0.00,         2
          17       0.91      0.96      0.94,       941
          18       0.28      0.19      0.23,        36

    accuracy                           0.86      2488
   macro avg       0.46      0.37      0.39      2488
weighted avg       0.85      0.86      0.85      2488