              precision    recall  f1-score   support

           1       0.87      0.86      0.86       559
           2       0.25      0.05      0.08        20
           3       0.78      0.90      0.83       159
           4       0.00      0.00      0.00        10
           5       0.00      0.00      0.00         6
           6       0.00      0.00      0.00         9
           7       0.00      0.00      0.00         4
           8       0.00      0.00      0.00         3
           9       0.50      0.14      0.22        50
          10       0.00      0.00      0.00         7
          11       0.98      1.00      0.99       245
          12       1.00      0.19      0.32        21
          13       0.66      0.71      0.69       175
          14       0.00      0.00      0.00         5
          15       0.95      0.92      0.93       236
          16       0.00      0.00      0.00         2
          17       0.90      0.99      0.94       941
          18       0.95      0.53      0.68        36

    accuracy                           0.87      2488
   macro avg       0.44      0.35      0.36      2488
weighted avg       0.85      0.87      0.85      2488


[[480   0   4   0   0   0   0   0   1   0   0   0  34   0   2   0  38   0]
 [ 12   1   1   0   0   0   0   0   0   0   0   0   1   0   0   0   5   0]
 [  0   0 143   0   1   0   0   0   1   0   0   0   2   0   1   0  11   0]
 [  0   0   6   0   0   0   0   1   0   0   0   0   1   0   1   0   1   0]
 [  0   0   0   0   0   2   0   0   0   0   0   0   4   0   0   0   0   0]
 [  0   0   4   0   0   0   0   0   0   0   1   0   0   0   0   4   0   0]
 [  0   0   0   0   0   0   0   0   0   0   0   0   0   0   0   0   3   1]
 [  0   0   0   0   0   0   0   0   0   0   0   0   0   0   0   0   3   0]
 [  3   0   9   0   0   0   0   0   7   0   0   0   0   0   5   1  25   0]
 [  0   3   0   0   0   0   0   0   0   0   0   0   1   0   2   0   1   0]
 [  0   0   1   0   0   0   0   0   0   0 244   0   0   0   0   0   0   0]
 [  0   0   0   0   0   0   0   0   0   0   0   4  17   0   0   0   0   0]
 [ 40   0   1   0   0   0   0   0   0   0   1   0 125   0   0   0   8   0]
 [  1   0   1   0   0   0   0   0   0   0   0   0   0   0   0   0   3   0]
 [ 10   0   4   0   1   0   0   0   0   0   0   0   3   0 216   0   2   0]
 [  0   0   1   0   0   0   0   0   0   0   1   0   0   0   0   0   0   0]
 [  6   0   2   0   0   0   0   0   2   0   2   0   0   0   0   0 929   0]
 [  0   0   7   0   0   0   0   0   3   0   0   0   0   0   1   0   6  19]]