[[509, 2, 0, 0, 0, 0, 0, 0, 1, 0, 0, 2,37, 2, 1, 0, 5, 0],
[7,11, 0, 0, 0, 0, 0, 0, 0, 0, 0, 0, 0, 0, 0, 0, 2, 0],
[1, 1 101, 3, 0, 1, 0, 0, 1, 0, 1, 1, 0, 0, 8, 0, 5,36],
[0, 0, 0, 6, 0, 0, 0, 0, 0, 0, 0, 0, 0, 0, 3, 0, 1, 0],
[0, 0, 0, 0, 0, 2, 0, 0, 0, 0, 0, 4, 0, 0, 0, 0, 0, 0],
[0, 0, 0, 0, 0, 4, 0, 0, 0, 0, 0, 0, 0, 0, 0, 5, 0, 0],
[0, 0, 0, 1, 0, 0, 0, 0, 0, 0, 0, 0, 0, 0, 0, 0, 1, 2],
[0, 1, 0, 0, 0, 0, 0, 0, 0, 0, 0, 0, 0, 0, 0, 0, 2, 0],
[3, 0, 1, 0, 0, 0, 0, 0,34, 0, 0, 0, 0, 2, 1, 3, 6, 0],
[0, 4, 0, 0, 0, 0, 0, 0, 0, 0, 1, 0, 0, 1, 0, 0, 1, 0],
[0, 0, 1, 0, 0, 0, 0, 0, 0, 0 244, 0, 0, 0, 0, 0, 0, 0],
[0, 0, 0, 0, 0, 0, 0, 0, 0, 0, 0,19, 2, 0, 0, 0, 0, 0],
[25, 0, 0, 0, 0, 0, 0, 0, 0, 0, 0, 0 147, 0, 2, 0, 1, 0],
[2, 2, 0, 0, 0, 0, 0, 0, 1, 0, 0, 0, 0, 0, 0, 0, 0, 0],
[12, 0, 0, 0, 0, 0, 0, 0, 0, 0, 0, 0, 1, 0 222, 0, 1, 0],
[1, 0, 0, 0, 0, 0, 0, 0, 0, 0, 0, 0, 0, 0, 0, 0, 0, 1],
[8, 3, 2, 0, 0, 0, 0, 0, 1, 0, 0, 0, 0, 1, 1, 0 924, 1],
[0, 0, 1, 0, 0, 0, 0, 0, 2, 0, 0, 0, 0, 0, 0, 0, 1,32]]