              precision    recall  f1-score   support

           1       0.92      0.72      0.81,       559
           2       0.00      0.00      0.00,        20
           3       0.53      0.91      0.67,       159
           4       0.00      0.00      0.00,        10
           5       0.00      0.00      0.00,         6
           6       0.00      0.00      0.00,         9
           7       0.00      0.00      0.00,         4
           8       0.00      0.00      0.00,         3
           9       0.29      0.10      0.15,        50
          10       0.00      0.00      0.00,         7
          11       0.95      1.00      0.97,       245
          12       0.80      0.19      0.31,        21
          13       0.61      0.93      0.73,       175
          14       0.00      0.00      0.00,         5
          15       0.94      0.94      0.94,       236
          16       0.00      0.00      0.00,         2
          17       0.92      0.98      0.95,       941
          18       0.00      0.00      0.00,        36

    accuracy                           0.85      2488
   macro avg       0.33      0.32      0.31      2488
weighted avg       0.83      0.85      0.83      2488


[[405   0  11   0   0   0   0   0   4   0   0   0  94   0   1   0  44   0]
 [  6   0   1   0   0   0   0   0   2   0   0   0   1   0   0   0  10   0]
 [  1   0 144   0   0   0   0   0   0   0   0   0   0   0   2   0  10   2]
 [  0   0   8   0   0   0   0   0   0   0   1   0   0   0   1   0   0   0]
 [  0   0   3   0   0   0   0   0   1   0   0   1   0   0   1   0   0   0]
 [  0   0   4   0   0   0   0   0   0   0   5   0   0   0   0   0   0   0]
 [  0   0   0   0   0   0   0   0   0   0   4   0   0   0   0   0   0   0]
 [  0   0   3   0   0   0   0   0   0   0   0   0   0   0   0   0   0   0]
 [  8   0  23   0   0   0   0   0   5   0   1   0   2   0   2   0   9   0]
 [  0   0   2   0   0   0   0   0   1   0   0   0   0   0   4   0   0   0]
 [  0   0   1   0   0   0   0   0   0   0 244   0   0   0   0   0   0   0]
 [  0   0  12   0   0   0   0   0   1   0   0   4   0   0   2   0   2   0]
 [  5   0   6   0   0   0   0   0   0   0   0   0 163   0   0   0   1   0]
 [  2   0   1   0   0   0   0   0   0   0   0   0   1   0   0   0   1   0]
 [  5   0   4   0   0   0   0   0   0   0   0   0   6   0 221   0   0   0]
 [  0   0   2   0   0   0   0   0   0   0   0   0   0   0   0   0   0   0]
 [  6   0  10   0   0   0   0   0   3   0   1   0   2   0   0   0 919   0]
 [  1   0  35   0   0   0   0   0   0   0   0   0   0   0   0   0   0   0]]