              precision    recall  f1-score   support

           1       0.86      0.76      0.81,       559
           2       0.00      0.00      0.00,        20
           3       0.69      0.87      0.77,       159
           4       0.00      0.00      0.00,        10
           5       0.00      0.00      0.00,         6
           6       0.00      0.00      0.00,         9
           7       0.00      0.00      0.00,         4
           8       0.00      0.00      0.00,         3
           9       0.67      0.04      0.08,        50
          10       0.00      0.00      0.00,         7
          11       0.95      1.00      0.97,       245
          12       0.67      0.19      0.30,        21
          13       0.67      0.83      0.74,       175
          14       0.00      0.00      0.00,         5
          15       0.98      0.94      0.96,       236
          16       0.00      0.00      0.00,         2
          17       0.86      0.99      0.92,       941
          18       0.00      0.00      0.00,        36

    accuracy                           0.85      2488
   macro avg       0.35      0.31      0.31      2488
weighted avg       0.82      0.85      0.82      2488


0.81,0.00,0.77,0.00,0.00,0.00,0.00,0.00,0.08,0.00,0.97,0.30,0.74,0.00,0.96,0.00,0.92,0.00,