9.604823290281775
6.060270386546526
5.2891811505774
5.19110642313716
4.8261944875910165
4.200467281156201
3.7594726109871743
3.4884026426127246
3.248229736140389
2.85398279540964
2.6657779256980536
2.403421515328646
2.287363971890261
2.271537987943836
2.0874828728425117
2.210277368819029
2.221312124217663
2.244612382878909
2.1539488965941445
2.0249099677045272
2.086984655539926
2.022844545606126
2.1472061707368617
1.9636336833812689
2.043859503901644
2.0032351366419774
1.9984720124774868
2.0496185329186667
2.192974517763671
1.9460398745269587
1.9863714099643255
1.9642570461497533
1.9603265267235206
1.9557383937535708
1.9682201113267828
2.0316404214158257
1.9564089914537504
1.967502815724443
1.9146023483290837
2.0295727169289495
1.956176874205791
2.0273884242110807
1.9841733713624534
1.9305289590247339
2.0277205609260123
1.9340210747394195
1.9459717213222174
1.9537318213158765
1.965297477987631
1.9456521810696388
