15.148760795593262
10.395496368408203
9.686078071594238
9.783154487609863
8.12407112121582
7.983608722686768
7.418497562408447
7.298298358917236
9.752552032470703
7.508657455444336
6.863041400909424
6.413167953491211
6.650106430053711
8.729636192321777
7.3303046226501465
6.155138969421387
5.883533000946045
11.483091354370117
5.808326721191406
5.1118364334106445
4.855770587921143
6.102526664733887
5.184084415435791
4.8666253089904785
4.578074932098389
4.204311847686768
4.058559894561768
4.046679973602295
4.373077869415283
4.195021152496338
4.16916036605835
3.508885383605957
3.8764615058898926
3.484074115753174
3.572206735610962
3.0257537364959717
2.866057872772217
3.6240806579589844
2.817955255508423
2.5320281982421875
2.663689613342285
3.139047861099243
2.4863739013671875
2.819744110107422
2.0913379192352295
2.6104321479797363
3.005305767059326
1.8507517576217651
2.026021718978882
1.564226746559143
1.5976147651672363
3.4677562713623047
1.9302468299865723
1.5060803890228271
1.5932625532150269
1.5231837034225464
1.230905532836914
2.0317294597625732
1.1687960624694824
1.0591585636138916
1.0089945793151855
1.2293943166732788
1.0593688488006592
0.9979761838912964
1.0805156230926514
1.0651007890701294
0.8803632855415344
1.053612470626831
0.7306002378463745
0.738686203956604
0.6401419043540955
2.7783868312835693
1.1515473127365112
1.2136614322662354
0.7374984622001648
0.46398574113845825
0.8472163081169128
1.193251132965088
1.034401535987854
0.48695486783981323
0.4898332953453064
0.9991875886917114
0.4983196556568146
1.3002135753631592
0.557911217212677
0.361388236284256
0.9122157096862793
0.6265951991081238
0.33063533902168274
1.1705049276351929
0.6378768682479858
0.3082967698574066
0.4134503901004791
0.5448258519172668
0.3792080581188202
0.4183761179447174
0.584123969078064
0.2223534733057022
0.404386967420578
0.6957237124443054
0.4482167661190033
0.3497779667377472
0.8847306370735168
0.26398739218711853
0.6363686323165894
0.28025248646736145
0.24750220775604248
0.3020133376121521
0.3624247610569
0.4054258167743683
0.16545721888542175
0.16840147972106934
0.2811973989009857
0.3239670991897583
0.2431965172290802
0.17183101177215576
0.2583906948566437
0.5252753496170044
0.32287126779556274
1.0977613925933838
0.48195111751556396
0.24376855790615082
0.4168710708618164
0.4472348392009735
0.35546034574508667
0.20367537438869476
0.5306658148765564
0.4034469425678253
0.22346819937229156
0.3786800801753998
0.2572769522666931
0.08669612556695938
0.18740612268447876
0.09156276285648346
0.13331244885921478
0.13699710369110107
0.08067359775304794
0.1916540116071701
0.3668929636478424
0.07171630859375
0.19034872949123383
0.061818160116672516
0.09241317212581635
0.05315147340297699
0.20960021018981934
0.12497762590646744
0.15555106103420258
0.05878307297825813
0.2509954869747162
0.06215145066380501