13.383625030517578
12.872519493103027
13.680727005004883
10.240797996520996
9.69588565826416
9.720404624938965
9.403359413146973
8.832559585571289
9.094144821166992
8.959915161132812
8.915738105773926
8.720062255859375
8.739218711853027
8.750197410583496
8.930352210998535
8.677919387817383
8.63719367980957
8.471041679382324
8.324947357177734
8.443252563476562
8.392989158630371
8.219969749450684
8.064718246459961
7.875787734985352
7.819344520568848
7.591564655303955
7.022629737854004
7.326426982879639
6.904951572418213
7.214824676513672
7.032561302185059
6.7435479164123535
6.494592189788818
6.299373626708984
5.698390960693359
5.178215026855469
4.715813636779785
4.3996782302856445
4.245932102203369
3.6207478046417236
3.5424203872680664
3.264590263366699
2.94923996925354
2.7581377029418945
2.3910152912139893
2.2089390754699707
1.9659680128097534
1.862183690071106
1.7115947008132935
1.5641820430755615
1.2999553680419922
1.2787389755249023
1.1573017835617065
0.9420067667961121
0.9572077989578247
0.8567795157432556
0.7014293670654297
0.6629936099052429
0.6249253153800964
0.5652527213096619
0.5053054690361023
0.3965304493904114
0.3792417347431183
0.3685086667537689
0.41185399889945984
0.36429157853126526
0.304029256105423
0.2518081068992615
0.2550450563430786
0.2339005172252655
0.2258155792951584
0.18965952098369598
0.17864789068698883
0.12098143994808197
0.10492854565382004
0.11635434627532959
0.09051242470741272
0.08224218338727951
0.06589208543300629
0.07267581671476364
0.06020765006542206
0.0704132467508316
0.04327268525958061
0.03374515473842621
0.03558208420872688
0.03360139951109886
0.03804170340299606
0.028887195512652397
0.02977500855922699
0.026374511420726776
0.027296599000692368
0.020325755700469017
0.02198558673262596
0.01801971346139908
0.01607253961265087
0.018465880304574966
0.01877933368086815
0.0163732897490263
0.016164034605026245
0.017386989668011665
0.014450759626924992
0.01664993166923523
0.015603027306497097
0.012577018700540066
0.013690395280718803
0.012652073055505753
0.014801482670009136
0.012406711466610432
0.01053291279822588
0.013648089952766895
0.01262758206576109
0.01056617684662342
0.012509460560977459
0.010419883765280247
0.00972904171794653
0.0093314740806818
0.009669151157140732
0.009189414791762829
0.008465881459414959
0.00941341370344162
0.009167232550680637
0.008399657905101776
0.009636268019676208
0.009607982821762562
0.0077953338623046875
0.008676223456859589
0.008533363230526447
0.008651580661535263
0.008699378930032253
0.008786887861788273
0.010949477553367615
0.007658614777028561
0.007363300304859877
0.007050285115838051
0.008053912781178951
0.006379279773682356
0.007204551715403795
0.008229636587202549
0.008267116732895374
0.006936683319509029
0.007249030750244856
0.006671161390841007
0.0066421316005289555
0.006873321253806353
0.0069682118482887745
0.0066509246826171875
0.006710586603730917
0.006051006261259317
0.007062492426484823
0.005885658320039511