1.3468990325927734
1.1606431007385254
1.0736373662948608
1.0011658668518066
0.9689052104949951
0.958095908164978
0.9521887302398682
0.9316672086715698
0.9218969941139221
0.916738748550415
0.9083985090255737
0.902157723903656
0.8932788372039795
0.8811832666397095
0.8729185461997986
0.8677300810813904
0.8572148680686951
0.8587628602981567
0.848086953163147
0.8457438349723816
0.8349847793579102
0.8317628502845764
0.8234560489654541
0.8156856298446655
0.811856746673584
0.8037682771682739
0.7981997728347778
0.7919291257858276
0.781241774559021
0.7676669359207153
0.7742138504981995
0.7561691999435425
0.7593284249305725
0.7424023151397705
0.742268979549408
0.7286688089370728
0.7269598245620728
0.7193706631660461
0.709036111831665
0.7076127529144287
0.698395848274231
0.6983864307403564
0.6902539730072021
0.6911003589630127
0.6796861886978149
0.6718669533729553
0.6660528779029846
0.6564416885375977
0.6418054699897766
0.6391034126281738
0.6220787167549133
0.607367753982544
0.5893477201461792
0.5814423561096191
0.564647912979126
0.5499469041824341
0.5381370782852173
0.5247275829315186
0.5135255455970764
0.4929276704788208
0.48539304733276367
0.46614810824394226
0.44776657223701477
0.4416964054107666
0.42695850133895874
0.4143504500389099
0.40011438727378845
0.3911343514919281
0.38628101348876953
0.3745003938674927
0.35768043994903564
0.3482746481895447
0.33570316433906555
0.32645127177238464
0.3183903694152832
0.31182679533958435
0.3033423125743866
0.28939008712768555
0.2804870903491974
0.2749325931072235
0.2669326364994049
0.2578693926334381
0.2520049810409546
0.2482520043849945
0.23881161212921143
0.2330304980278015
0.23120972514152527
0.22288119792938232
0.21646517515182495
0.2069128304719925
0.2027229368686676
0.2002544105052948
0.19748401641845703
0.19001710414886475
0.1882619559764862
0.18132656812667847
0.17346858978271484
0.17524467408657074
0.17249494791030884
0.16665327548980713
0.1658080518245697
0.16126513481140137
0.15645775198936462
0.15243922173976898
0.14636707305908203
0.14653070271015167
0.1423671841621399
0.13887931406497955
0.13557974994182587
0.1346530318260193
0.1346462219953537
0.12865261733531952
0.12567248940467834
0.1261957883834839
0.12407972663640976
0.1205097883939743
0.11985643953084946
0.1181228905916214
0.11390996724367142
0.11218397319316864
0.11175556480884552
0.10976944863796234
0.10738694667816162
0.10467180609703064
0.10418093204498291
0.10334593057632446
0.10111571848392487
0.09919688105583191
0.09775406867265701
0.09790311753749847
0.09299373626708984
0.09371590614318848
0.09312492609024048
0.08881774544715881
0.08889174461364746
0.08748157322406769
0.08586114645004272
0.0868721455335617
0.08423750847578049
0.08347493410110474
0.0836721807718277
0.08128388226032257
0.08067185431718826
0.07843443751335144
0.0783362090587616
0.07856301963329315
0.0760754868388176
0.07580332458019257
0.07507709413766861
0.07441969215869904
