6.984504139771845
2.8904406866868757
2.001797564917374
1.274963355048987
1.274963355048987
0.7001953666959135
0.536429550129629
0.536429550129629
0.2557272118129628
0.18121611604665896
0.14057029033103075
0.14057029033103075
0.12247960893035546
0.12247960893035546
0.06670687326235665
0.02617623529404774
0.013578016304590454
0.013578016304590454
0.007254304118344617
0.005832606540149097
0.005832606540149097
0.006174912829057733
0.00499021303914983
0.0038795996388313156
0.0038795996388313156
0.0034530867055376025
0.0030330333273192803
0.0025464052313029003
0.0025464052313029003
0.002686098568252121
0.0027888762778808616
0.0027821042910695965
0.002521841852905246
0.0021326378862717805
0.0020623280273115883
0.0021635469963379316
0.0018685624893711001
0.0018907405780908544
0.0015644207283488354
0.0017916513299590401
0.001508924556227566
0.001521007797239026
0.001411876393972825
0.0013549692248514614
0.0013845372348213374
0.0013143128344275871
0.0012651349120250757
0.0012144886149605687
0.0013174104014698855
0.0011300032122140906
