2.935903549194336
2.520327091217041
2.302633047103882
2.1697287559509277
2.085146188735962
2.0328197479248047
1.9907245635986328
1.9608323574066162
1.949269413948059
1.929970622062683
1.9193153381347656
1.9119285345077515
1.8959417343139648
1.893310546875
1.8881001472473145
1.8722165822982788
1.8682416677474976
1.8565351963043213
1.8410327434539795
1.8359675407409668
1.8299884796142578
1.793561339378357
1.7846964597702026
1.7828384637832642
1.7831708192825317
1.7771022319793701
1.7470206022262573
1.7401419878005981
1.7328177690505981
1.712547779083252
1.6891965866088867
1.6778068542480469
1.6680078506469727
1.655029535293579
1.6452972888946533
1.6331323385238647
1.629797339439392
1.6130260229110718
1.610553503036499
1.58784019947052
1.6332948207855225
1.5717957019805908
1.588747262954712
1.561427354812622
1.5510550737380981
1.5413539409637451
1.515392780303955
1.4997926950454712
1.4980543851852417
1.4918231964111328
1.4764481782913208
1.4657301902770996
1.4690239429473877
1.458451271057129
1.449377179145813
1.4515888690948486
1.4295977354049683
1.4323034286499023
1.41950261592865
1.405375361442566
1.400450348854065
1.3895082473754883
1.3840306997299194
1.3807551860809326
1.375228762626648
1.3612169027328491
1.3511950969696045
1.343919277191162
1.3312134742736816
1.3241454362869263
1.3133037090301514
1.28908371925354
1.2785228490829468
1.2544183731079102
1.2241199016571045
1.1876661777496338
1.181473970413208
1.1329797506332397
1.1029119491577148
1.0759987831115723
1.0443103313446045
1.0280400514602661
0.9895290732383728
0.9656665921211243
0.9357938766479492
0.9053192734718323
0.865702748298645
0.8663374781608582
0.8111287355422974
0.7947826981544495
0.7641571164131165
0.7514796853065491
0.7159385085105896
0.6891368627548218
0.6776164770126343
0.6548830270767212
0.6355296969413757
0.6124880313873291
0.6020880937576294
0.5812369585037231
0.5631692409515381
0.5392914414405823
0.5357272624969482
0.522508442401886
0.5193064212799072
0.48214927315711975
0.47293564677238464
0.4602091312408447
0.44541865587234497
0.4283476769924164
0.43256375193595886
0.412737637758255
0.3980790674686432
0.3944968581199646
0.37903228402137756
0.3626308739185333
0.356861412525177
0.3593966066837311
0.3451552391052246
0.33118584752082825
0.321348637342453
0.31665751338005066
0.31520575284957886
0.29627683758735657
0.29275012016296387
0.2849525809288025
0.2793203592300415
0.2715882360935211
0.27054089307785034
0.26030629873275757
0.25112855434417725
0.2528882920742035
0.24595077335834503
0.24320803582668304
0.23932954668998718
0.23347507417201996
0.22744117677211761
0.2284136265516281
0.21876659989356995
0.21917618811130524
0.21046851575374603
0.20770297944545746
0.20431946218013763
0.2012656182050705
0.1970018595457077
0.19763919711112976
0.19042280316352844
0.1863735020160675
0.18291758000850677
0.1830904185771942
