2.871873140335083
2.488307476043701
2.28153657913208
2.152529239654541
2.06516170501709
1.9948211908340454
1.9526554346084595
1.9242968559265137
1.8711296319961548
1.839139699935913
1.8118987083435059
1.7870663404464722
1.7530887126922607
1.7126530408859253
1.6759564876556396
1.6342037916183472
1.5969245433807373
1.552250862121582
1.506218433380127
1.4692658185958862
1.4372237920761108
1.3888219594955444
1.3605766296386719
1.3219741582870483
1.289659023284912
1.2434263229370117
1.2158749103546143
1.1829456090927124
1.1452215909957886
1.1177473068237305
1.083739995956421
1.0475760698318481
1.0230085849761963
0.9863362312316895
0.9559334516525269
0.9313592910766602
0.8964390754699707
0.8700025677680969
0.8437426686286926
0.8281061053276062
0.800614058971405
0.7717153429985046
0.752364993095398
0.7295481562614441
0.7061564326286316
0.688072144985199
0.6730614900588989
0.6540402770042419
0.6381745934486389
0.6205098032951355
0.6040088534355164
0.5890329480171204
0.5717609524726868
0.5630849599838257
0.5476930737495422
0.5337201952934265
0.5217001438140869
0.5109798312187195
0.49856290221214294
0.48849809169769287
0.4769216775894165
0.4628556966781616
0.4599718749523163
0.4503418207168579
0.4390113353729248
0.4292435348033905
0.4286436140537262
0.41542595624923706
0.409205824136734
0.4013538658618927
0.39242470264434814
0.38753005862236023
0.3754245936870575
0.3766169548034668
0.3658347427845001
0.36325934529304504
0.356640100479126
0.3545736074447632
0.34422042965888977
0.3366132974624634
0.33333197236061096
0.3314439654350281
0.3242180049419403
0.31699317693710327
0.31448835134506226
0.3080400824546814
0.3068430423736572
0.2999115586280823
0.29500511288642883
0.2939798831939697
0.28453508019447327
0.28241589665412903
0.279304176568985
0.2742542326450348
0.2731724679470062
0.26865604519844055
0.26694509387016296
0.2622188925743103
0.257016658782959
0.2525921165943146
0.2522936165332794
0.24995756149291992
0.24682433903217316
0.2437284141778946
0.2408042997121811
0.23918913304805756
0.23356808722019196
0.23387910425662994
0.2327515333890915
0.22785891592502594
0.2237008810043335
0.22268350422382355
0.22406043112277985
0.21734173595905304
0.21523398160934448
0.21496236324310303
0.21006447076797485
0.2071583867073059
0.20511791110038757
0.20597633719444275
0.20401746034622192
0.20167113840579987
0.19898474216461182
0.19776345789432526
0.1940304934978485
0.19289395213127136
0.19188445806503296
0.18805502355098724
0.18786458671092987
0.18561789393424988
0.18534161150455475
0.18348431587219238
0.18020005524158478
0.17924989759922028
0.1794278472661972
0.17825491726398468
0.17547251284122467
0.17340083420276642
0.17061543464660645
0.1709480732679367
0.17068836092948914
0.1680499166250229
0.16576232016086578
0.1671464592218399
0.16498589515686035
0.163619264960289
0.1615273356437683
0.16129639744758606
0.15903054177761078
0.15781672298908234