13.577761756891768
6.447440996837235
4.715162754832205
4.231621493835219
3.578597580246076
3.022400738302723
2.5624253014288296
2.306222930700124
2.13948092911283
1.9929873852452913
1.9606773529560544
1.9489210286257825
1.9455528087094653
1.9247834221474318
1.9171506942191134
1.9160793770548863
1.9109904868853784
1.910683339883448
1.909444786513117
1.9095370813999797
1.907827412802258
1.9092240950847648
1.908469682994905
1.9084315057896464
1.9082655562365562
1.907920354516782
1.9082596281095547
1.9080787197171614
1.9080938539407524
1.9077753859211777
1.9072657747700792
1.9073908144330574
1.9070474998234608
1.906542507481307
1.907368284433447
1.9074135652838815
1.9062909818938165
1.9065429157887341
1.9064473802197734
1.906802802610281
1.906900392472392
1.906308776873092
1.9067367432806461
1.906352294110883
1.906573245776658
1.9063737006993593
1.9067067330727476
1.9063719956106029
1.9063741220606685
1.9062455829947529
