13.561363220214844
9.882169723510742
7.973512172698975
7.181852340698242
6.0587382316589355
5.377878189086914
4.941630840301514
4.2237396240234375
3.935340404510498
3.4485037326812744
2.8937010765075684
2.493914842605591
2.1324989795684814
1.73225736618042
1.6595968008041382
1.2780003547668457
1.103937029838562
0.9093857407569885
0.8347029089927673
0.6571328639984131
0.636017918586731
0.5305118560791016
0.4067913293838501
0.37486326694488525
0.33930322527885437
0.32036155462265015
0.2596089541912079
0.21956895291805267
0.19118264317512512
0.16990447044372559
0.17766152322292328
0.17080561816692352
0.13400720059871674
0.1215009093284607
0.11160173267126083
0.09355311840772629
0.08681263029575348
0.092038094997406
0.0752100944519043
0.07184285670518875
0.07271276414394379
0.06168653443455696
0.0617191307246685
0.05214729160070419
0.06045772507786751
0.04934047535061836
0.05508958548307419
0.044052332639694214
0.04504379257559776
0.04509679600596428
0.0377378836274147
0.04007011279463768
0.039150867611169815
0.03829652816057205
0.03281841054558754
0.02966228500008583
0.03419467806816101
0.030832061544060707
0.028271330520510674
0.030107097700238228
0.028554363176226616
0.028535136952996254
0.030567359179258347
0.027821749448776245
0.029217490926384926
0.028648605570197105
0.024813689291477203
0.02448730356991291
0.02507280372083187
0.022223280742764473
0.024375133216381073
0.020537681877613068
0.021939314901828766
0.022046927362680435
0.02140216715633869
0.022306879982352257
0.022776640951633453
0.019112033769488335
0.020832061767578125
0.021802138537168503
0.01986217498779297
0.0207852553576231
0.019750060513615608
0.019044799730181694
0.020241431891918182
0.0177279282361269
0.01795457862317562
0.01626506820321083
0.018387336283922195
0.01824493333697319
0.021651534363627434
0.016164816915988922
0.015395106747746468
0.017028313130140305
0.014718474820256233
0.016165388748049736
0.014374732971191406
0.016192225739359856
0.01733318343758583
0.01683986559510231
0.01702648214995861
0.015035667456686497
0.014981879852712154
0.014998550526797771
0.014945640228688717
0.01340484619140625
0.012936268001794815
0.015778083354234695
0.014748306013643742
0.014493522234261036
0.014695586636662483
0.015258636325597763
0.012796172872185707
0.013380851596593857
0.013415832072496414
0.014556178823113441
0.012673797085881233
0.013122748583555222
0.013964691199362278
0.013107452541589737
0.013945960439741611
0.012326621450483799
0.013699321076273918
0.01198600698262453
0.01147380843758583
0.011701049283146858
0.012501678429543972
0.011409606784582138
0.014537963084876537
0.011887816712260246
0.011107559315860271
0.010854911990463734
0.012613639235496521
0.011750297620892525
0.010380439460277557
0.009994315914809704
0.011043701320886612
0.01184764876961708
0.010557269677519798
0.010506782680749893
0.011407661251723766
0.011192702688276768
0.01179935410618782
0.011533965356647968
0.010077742859721184
0.011135520413517952
0.010476074181497097
0.010332755744457245
0.010189513675868511
0.010128173977136612