9.158604057096436
5.4421435753017
4.342318321482432
3.594017190115829
2.881448251337695
2.5567296572217155
2.3132093472398942
2.155340526426099
2.0239043553676455
1.970119083091242
1.9375931678284863
1.9214325116659279
1.9159174064298214
1.914901217763596
1.913781352400619
1.9123865685651014
1.9115191488071817
1.9109932080490353
1.9101869519093728
1.9106522941253414
1.9100055902618156
1.9091010831993454
1.9084741946684174
1.908628216861734
1.9086521890434782
1.9082963705236495
1.9083677673584818
1.9085397380398346
1.90795105411567
1.907865501428937
1.907594477978211
1.9074861575024968
1.9074469834348107
1.9076202840081724
1.9072738062586616
1.9070230958696184
1.9070119696374292
1.9072181524558642
1.9071811280553028
1.9068012788477613
1.9069185502324002
1.9068272430004412
1.9066705994758921
1.9067650533083575
1.9066021160957154
1.9064922656517922
1.9066120128122284
1.9065202798088436
1.9065025076567943
1.9063912682207422