9.616074896226563
6.388043780778507
5.293359211408423
4.79999175875055
4.46702309805368
4.267995100221403
3.8948408664917276
3.4606751604995796
2.963409143396637
2.6742549427326114
2.5236873473467623
2.416336097928161
2.525632871027679
2.470884833099116
2.4931844702737944
2.1259537550311047
2.1702664435177033
2.1044635517777883
2.000432204456008
2.2321243104384063
2.027164525856837
2.0997333936200957
2.095612761336368
2.064404583395773
2.0123400987419036
2.025488638423499
1.9980502657561487
2.029026513456551
2.0041136312219536
2.0358406085618785
2.0116643030423282
1.983906159689138
1.9732069701824524
1.9845444160790622
2.0123299830468606
2.0527079786437876
2.0123419210558255
1.9334152312064121
1.9298371919163864
1.9614050823526439
1.9267055224747713
2.0033205922989445
2.07203475534006
1.9430111059468733
1.9996931331822505
1.989983371552601
1.9168372363330202
1.9211887513606913
1.9501036604449047
1.9657834961128466