13.65941606585657
6.245271516096963
4.655547650273972
4.240947801097987
3.8501916683469157
3.2443309730279433
2.7170044442963266
2.494771525434368
2.3741759550787047
2.264873058128455
2.137465501570938
1.9976562881645075
1.9439393925024897
1.931356674545241
1.9184520337477362
1.9150724537641972
1.9171781455099564
1.9106510679388877
1.9119460512835442
1.915345839798995
1.9100652880374003
1.9082514966109432
1.9096249420368838
1.9100231612626204
1.9089171017268742
1.9093413897612272
1.9089771523614874
1.9069764315167392
1.9080043743618726
1.9070981785625922
1.9076840991570565
1.9075561377499
1.9069758617159018
1.907281884499118
1.9071489201989136
1.9072039718211171
1.9097746999472551
1.906625586215721
1.907447462423412
1.9066445068681344
1.9064146692029749
1.9071027888671859
1.90667688291034
1.9062122133551256
1.9063039613271613
1.906307178962535
1.906451949392642
1.9059714586698404
1.9064106628583373
1.9062348188381184