[[410,1,2,0,0,0,0,0,0,0,7,0  ,18,0,3,0 ,117,1],
 [  3,7,0,0,0,0,0,0,0,0,1,0,0,0,1,0,8,0],
 [ 11,0, 31,0,0,0,0,0,0,0,5,0,3,0,3,0 , 99,7],
 [  2,0,0,0,0,0,0,0,0,0,2,0,2,0,0,0,4,0],
 [  0,0,1,0,0,0,0,0,0,0,1,0,0,0,0,0,4,0],
 [  0,0,0,0,0,0,0,0,0,0,7,0,0,0,0,0,2,0],
 [  0,0,0,0,0,0,0,0,0,0,2,0,0,0,1,0,1,0],
 [  0,0,0,0,0,0,0,0,0,0,2,0,0,0,0,0,1,0],
 [  2,0,2,0,0,0,0,0,0,0,7,0,2,0,0,0 ,36,1],
 [  0,0,0,0,0,0,0,0,0,0,0,0,0,0,0,0,7,0],
 [  1,0,1,0,0,0,0,0,0,0 212,0,0,0,0,0 , 31,0],
 [  0,0,0,0,0,0,0,0,0,0,0,0,1,0,1,0 , 18,1],
 [ 24,0,2,0,0,0,0,0,0,0,3,0 , 28,0,1,0 117,0],
 [  1,0,0,0,0,0,0,0,0,0,1,0,0,0,0,0,3,0],
 [  7,0,1,0,0,0,0,0,0,0,2,0,0,0 207,0,19,0],
 [  0,0,0,0,0,0,0,0,0,0,1,0,0,0,0,0,1,0],
 [ 50,2,8,0,0,0,0,0,0,0,0,0,9,0,0,0,872,0],
 [  0,0,2,0,0,0,0,0,0,0,4,0,2,0,0,0,14,14]]